5.372940908731941244e-05,1.502087267056540117e-03,8.685151864910837238e-01,1.299289968327987377e-01
5.650133042086096028e-05,1.569709300869532491e-03,8.632269729846955286e-01,1.351468163840117975e-01
5.306752615430109600e-05,1.466578815863386681e-03,8.661701079842553108e-01,1.323102456737331178e-01
7.873263537565007575e-02,9.212673646244013970e-01,0.000000000000000000e+00,0.000000000000000000e+00
5.331040764135108745e-01,4.668959235864713064e-01,0.000000000000000000e+00,0.000000000000000000e+00
3.943015862863286092e-02,9.605185150993931220e-01,8.043463110354265537e-62,5.132627192137704684e-05
9.192473200932766986e-01,8.075267990666649964e-02,0.000000000000000000e+00,0.000000000000000000e+00
1.000000000000000000e+00,0.000000000000000000e+00,0.000000000000000000e+00,0.000000000000000000e+00
5.560692909586466531e-05,1.545435045881752775e-03,8.609163382535784947e-01,1.374826197714208442e-01
5.553218987858849555e-05,1.559463477259004534e-03,8.635204560511399174e-01,1.348645482817791008e-01
6.148085168314093747e-05,1.618073579898845994e-03,8.443713063504145744e-01,1.539491392180158402e-01
5.272656579887324434e-05,1.463912661442176577e-03,8.681599756416116254e-01,1.303233851312007030e-01
5.334911246036639130e-05,1.486557926755030035e-03,8.674608727463116731e-01,1.309992202144583118e-01
5.264399536478123627e-05,1.463985797355484269e-03,8.698099403828830622e-01,1.286734298243607522e-01
1.135072032476360161e-04,3.064548260248000939e-03,7.298560135827142359e-01,2.669659309537700254e-01
7.080252821121697099e-05,1.818363998484664882e-03,8.247250773545737879e-01,1.733857561187262808e-01
5.593658117791777684e-05,1.557319990752547645e-03,8.597976310704988911e-01,1.385891123576061257e-01
5.339505588309615764e-05,1.493328016479895937e-03,8.681912701419185474e-01,1.302620067856800068e-01
1.748201098460854983e-04,4.807648920459870086e-03,6.172987332736793453e-01,3.777187976959919258e-01
5.871668944287107111e-05,1.572969849694786553e-03,8.510012918938987259e-01,1.473670215669155570e-01
5.825671397389318323e-05,1.568062360207352719e-03,8.521868821275762063e-01,1.461867987982730932e-01
5.650210761134887044e-05,1.565230914961227363e-03,8.578968235880575222e-01,1.404814433893471215e-01
1.356623175369242726e-03,3.512640407007878995e-02,3.473230217385879617e-05,9.634822404523752937e-01
6.009862036742608967e-05,1.616425860899532978e-03,8.475550066843606789e-01,1.507684688344105572e-01
6.970223514557040531e-05,1.800695445114518971e-03,8.270285514408620697e-01,1.711010508788263496e-01
9.015323299213970332e-05,2.178264790211120131e-03,7.892650666805145487e-01,2.084665152962998647e-01
5.501139346771742502e-05,1.512863786991576649e-03,8.605238538634333301e-01,1.379082709561203490e-01
1.045487149729728508e-04,2.405240066311314408e-03,7.666385696767347158e-01,2.308516415420152068e-01
5.777809996008127010e-05,1.588802627216693132e-03,8.534011673253240060e-01,1.449522519475080207e-01
6.395868156498932873e-05,1.704432392985393875e-03,8.382294434413537498e-01,1.600021654841447538e-01
6.182657008128653986e-05,1.665904753808127416e-03,8.428612339809236076e-01,1.554110346952257693e-01
5.804195278877409531e-05,1.578411288461060860e-03,8.526497786221867159e-01,1.457137681365922588e-01
5.399380775620725480e-05,1.510742736138996796e-03,8.661919627953930112e-01,1.322433006607005024e-01
5.727698968402900249e-05,1.573453396949857364e-03,8.548805816802530488e-01,1.434886879331693232e-01
5.578035434339806620e-05,1.562095304808954659e-03,8.626025746170948860e-01,1.357795497237292148e-01
4.240542278783831446e-04,1.101755387657969709e-02,2.612818869017382029e-01,7.272765049937838233e-01
3.320874085116919811e-02,8.607563805516150746e-01,1.039349082164289805e-27,1.060348785971751834e-01
4.829848768294492389e-01,5.170151231705825134e-01,0.000000000000000000e+00,0.000000000000000000e+00
9.221792594271049914e-01,7.782074057286378355e-02,0.000000000000000000e+00,0.000000000000000000e+00
8.757438377684530206e-02,9.124256162232016187e-01,0.000000000000000000e+00,0.000000000000000000e+00
2.270912351715198563e-02,5.759764974181310615e-01,3.195942075072295131e-20,4.013143790646614972e-01
5.263497959073926841e-02,9.473650204093013727e-01,0.000000000000000000e+00,2.055670206596981371e-185
4.548415716842300199e-02,9.545158428316308230e-01,0.000000000000000000e+00,5.623895035692226049e-97
4.174888196157837406e-02,9.582511180289352559e-01,1.581043038470822284e-129,9.484805018405913064e-12
1.411706708789939591e-01,8.588293291210351565e-01,0.000000000000000000e+00,0.000000000000000000e+00
7.014720792056905463e-02,9.298527920794136259e-01,0.000000000000000000e+00,2.224474343660877323e-291
1.411854074727318014e-03,3.834138394146794498e-02,2.796781199153269574e-05,9.602187941718485220e-01
6.452609595785288718e-04,1.724696325817183171e-02,3.985584910007933940e-02,9.422519266821932638e-01
1.733162955817765761e-04,4.702068482583927900e-03,6.172447058486161264e-01,3.778799093731731173e-01
5.576634804914720262e-05,1.567082297664944366e-03,8.637626489899392634e-01,1.346145023642996708e-01
4.468500792923017773e-02,9.553149920707760812e-01,0.000000000000000000e+00,4.080568154095966569e-39
5.553064279778418313e-05,1.556241841522195118e-03,8.636569646765146491e-01,1.347312628391709732e-01
5.563305034689950860e-05,1.568429712284365911e-03,8.640223511996809602e-01,1.343535860376722790e-01
2.384637386226783843e-04,6.327383914545943108e-03,5.025663566095178725e-01,4.908677957373404621e-01
3.862126700654219813e-02,9.592478338845741304e-01,2.568390957577292083e-45,2.130899108869313639e-03
4.478878381029360867e-02,9.552112161897007292e-01,3.611619871099512238e-321,7.388876238575120645e-31
1.389559286195596256e-04,3.770330520202342262e-03,6.852675354700040744e-01,3.108231780811708256e-01
9.170490868331880683e-04,2.499866657684373522e-02,1.797218094039360232e-03,9.722870662422329335e-01
3.075511418860296230e-03,8.196877009676899195e-02,1.304895352616321321e-08,9.149557054354691132e-01
4.918508965007136087e-03,1.114568565812611156e-01,1.255733822500158181e-10,8.836246343282013749e-01
5.695462058751952806e-05,1.521288977376510218e-03,8.668474858231328684e-01,1.315742705789532674e-01
2.779213856420824705e-02,6.639872907597508256e-01,2.705750033582796475e-22,3.082205706760473563e-01
3.888460816909069390e-02,9.459836618988736179e-01,1.331539306585923938e-36,1.513172993208057072e-02
1.000000000000000000e+00,4.804272946988426516e-77,0.000000000000000000e+00,0.000000000000000000e+00
3.939009346751371626e-02,9.606098527556369282e-01,1.147952192396274725e-91,5.377690177333317028e-08
4.297739245329681296e-02,9.570226075466644611e-01,0.000000000000000000e+00,8.838004067951763306e-63
7.266126734840701231e-04,1.929740774578424245e-02,1.304064761567589638e-02,9.669353319650052514e-01
6.504593550021736952e-05,1.680696374875286165e-03,8.372198070942556969e-01,1.610344505953290040e-01
2.204613659313628751e-02,5.773111071959443619e-01,2.802713850134552283e-20,4.006427562108803575e-01
1.273506132853943437e-04,3.490602982392639660e-03,7.053280847733235381e-01,2.910539616310058864e-01
6.553687870107893776e-02,9.344631212988716573e-01,0.000000000000000000e+00,1.231705584657613445e-236
7.184151169911726076e-05,1.976787607389082421e-03,8.260672506909573221e-01,1.718841201899471705e-01
3.833423142590258736e-02,9.616558687342091627e-01,6.292134372143293863e-69,9.899839845860998905e-06
2.021002777610443417e-04,5.471916733377120597e-03,5.597308844560118235e-01,4.345950985327998173e-01
6.560983478115044296e-05,1.731528708576414097e-03,8.350880908763598232e-01,1.631147705803363268e-01
3.955106422857277565e-02,9.604489207360139558e-01,3.263684014487859248e-97,1.503536357235045114e-08
5.595438793601121582e-05,1.567353968123494845e-03,8.636134569620490531e-01,1.347632346818498639e-01
3.998811855820129380e-02,9.600118785537320454e-01,1.167429732428675335e-104,2.888069746863584915e-09
5.636862492616933137e-05,1.570426423583093064e-03,8.639589227031448937e-01,1.344142822483811728e-01
6.901897240652918157e-05,1.888062013452668263e-03,8.325758245874590457e-01,1.654670944266976307e-01
2.546459140155769504e-02,6.616929857465052578e-01,7.902974013574345651e-22,3.128424228519616213e-01
6.949777596961215220e-01,3.050222403038612140e-01,0.000000000000000000e+00,0.000000000000000000e+00
7.199526825368203486e-02,9.280047317463199219e-01,0.000000000000000000e+00,0.000000000000000000e+00
8.363511938261369329e-05,2.300252684967914012e-03,7.996984498780805861e-01,1.979176623175792626e-01
3.772759483518440659e-03,9.395468270218358675e-02,1.080763952004477327e-09,9.022725567335598829e-01
5.252995087123794719e-05,1.465368503882518922e-03,8.700803271045574050e-01,1.284017744406680817e-01
5.571261505619298587e-05,1.542283097439340646e-03,8.596596155059638145e-01,1.387423887815654733e-01
5.436090709760351406e-05,1.503644590427315273e-03,8.629099323328293103e-01,1.355320621696948780e-01
5.627474463902703807e-05,1.564398781350336909e-03,8.584035232766763501e-01,1.399758031973791783e-01
6.026385088423725063e-05,1.602287774496262678e-03,8.471011925380116381e-01,1.512362558365627774e-01
6.442140619594070557e-05,1.702094237540401111e-03,8.379587426209686996e-01,1.602747417352570758e-01
5.399281887643091134e-05,1.509087611662659643e-03,8.660052143253679224e-01,1.324317052440771303e-01
5.640336590509857401e-05,1.565335845518199672e-03,8.637549815890956939e-01,1.346232791994492750e-01
5.575375135502680645e-05,1.564615063312967602e-03,8.635689558800485610e-01,1.348106753053286422e-01
5.621485768328236116e-05,1.532187866783921073e-03,8.581835441210009519e-01,1.402280531545138653e-01
5.553723627386877008e-05,1.565825244827585578e-03,8.638264282407769334e-01,1.345522092781251955e-01
5.445406733303470050e-05,1.516972488762271219e-03,8.657667206716833652e-01,1.326618527722406571e-01
5.541932853362651793e-05,1.543899440726430664e-03,8.639943773909189995e-01,1.344063038397943499e-01
5.503349599520370974e-05,1.511445716978051948e-03,8.603123438652122701e-01,1.381211769218604057e-01
1.772446075143530291e-03,4.424495759631475594e-02,2.439380905965948297e-06,9.539801569476852316e-01
1.736908290218502340e-03,4.474979735701186540e-02,3.513813041480887613e-06,9.535097805397251269e-01
5.348617453979699924e-05,1.471842502523805669e-03,8.661226197976746866e-01,1.323520515252246399e-01
8.630641852383987597e-05,2.321630428730488919e-03,7.940071658494202156e-01,2.035848973033357601e-01
5.868973150757537116e-01,1.278807209795560507e-01,4.802604570215580876e-09,2.852219591421328859e-01
5.598495296865599124e-05,1.564084343357092849e-03,8.629528716300767233e-01,1.354270590736385838e-01
5.524580098814683938e-05,1.529438685806497463e-03,8.631183924379409733e-01,1.352969230753003904e-01
6.313585152375531385e-05,1.693856089700290042e-03,8.419627178572699489e-01,1.562802902014741591e-01
5.587480340211537031e-05,1.548878296157883867e-03,8.593397910147473340e-01,1.390554558856787470e-01
5.578454182674733464e-05,1.534642730552069701e-03,8.588553322128086309e-01,1.395542405147849052e-01
5.554656586836503022e-05,1.561590871069921125e-03,8.638629434151507969e-01,1.345199191479486411e-01
5.893777764735668725e-05,1.602899354251834324e-03,8.503914278526852888e-01,1.479467350154282657e-01
1.009229931709477117e-04,2.356667005506117053e-03,7.720914455073879523e-01,2.254509644939657886e-01
5.356258456599665547e-05,1.498717751658527409e-03,8.682592395478959668e-01,1.301884801158793292e-01
5.567119788837138227e-05,1.566692288156172922e-03,8.640771689171760084e-01,1.343004675968171857e-01
6.484034709481082889e-05,1.716451133408103706e-03,8.365306953613983465e-01,1.616880131580540336e-01
5.270609738910693096e-05,1.464039174271286299e-03,8.685374345146350539e-01,1.299458202137007135e-01
3.152676019333120611e-02,8.351805672263277192e-01,1.729952275032751311e-26,1.332926725803812718e-01
4.398593411162809996e-02,9.560140655403440713e-01,4.985707155126056818e-114,3.479777060572220062e-10
4.721866001669010326e-02,9.527813399833060526e-01,1.122643416556899099e-230,7.363176854996985007e-22
5.389207305828992017e-02,9.461079269417361770e-01,0.000000000000000000e+00,2.597760075687076607e-105
5.093043436219372999e-02,9.490695656377635681e-01,0.000000000000000000e+00,5.662794426634307587e-91
1.000000000000000000e+00,2.822011647654914711e-23,0.000000000000000000e+00,0.000000000000000000e+00
1.000000000000000000e+00,0.000000000000000000e+00,0.000000000000000000e+00,0.000000000000000000e+00
1.000000000000000000e+00,0.000000000000000000e+00,0.000000000000000000e+00,0.000000000000000000e+00
6.952302315738335681e-01,3.047697684261926887e-01,0.000000000000000000e+00,0.000000000000000000e+00
1.000000000000000000e+00,8.710968875717904424e-61,0.000000000000000000e+00,0.000000000000000000e+00
1.000000000000000000e+00,0.000000000000000000e+00,0.000000000000000000e+00,0.000000000000000000e+00
6.121315083244799338e-01,3.878684916755147927e-01,0.000000000000000000e+00,0.000000000000000000e+00
8.545940120492116765e-02,9.145405987950466775e-01,0.000000000000000000e+00,0.000000000000000000e+00
4.464895985484695351e-01,5.535104014515332960e-01,0.000000000000000000e+00,0.000000000000000000e+00
6.176117654694002472e-05,1.508736879865632064e-03,8.707934849549298084e-01,1.276360169886792129e-01
1.000000000000000000e+00,1.061684349745231597e-196,0.000000000000000000e+00,0.000000000000000000e+00
5.556402589880723341e-05,1.483243563011813360e-03,8.647119253342128165e-01,1.337492670768794523e-01
5.330405576020670372e-05,1.487218014974480643e-03,8.684534551412821379e-01,1.300060227880137920e-01
6.430683212991148128e-04,1.734261612562765925e-02,4.111369967628424743e-02,9.409006158767552197e-01
5.638180997286747556e-04,1.521378228286574680e-02,8.386565537813296667e-02,9.003567442392693687e-01
2.186655917645103264e-04,5.288222870332373420e-03,5.357098649377646238e-01,4.587832466001640630e-01
5.688679873653747904e-05,1.567690792947513696e-03,8.624246003132434168e-01,1.359508220950174096e-01
5.596720478399413225e-05,1.565721772637221083e-03,8.644797871424385605e-01,1.338985238801305433e-01
5.605158213012604088e-05,1.560434019092045519e-03,8.648542096885233343e-01,1.335293047102130426e-01
5.461387064240330613e-05,1.519183487970944373e-03,8.662922962226091705e-01,1.321339064188277179e-01
7.919751138209475867e-05,2.119493317473054861e-03,8.076446778715492547e-01,1.901566312996318120e-01
5.718967484318167939e-05,1.580326110119561426e-03,8.549666515144541679e-01,1.433958327006239764e-01
5.965383092950643458e-05,1.622146562102162000e-03,8.502276472708097943e-01,1.480905523361510934e-01
5.474039145604139085e-05,1.536573190863721374e-03,8.661538131891828307e-01,1.322548732285019069e-01
6.548047766952778232e-05,1.763116767614332460e-03,8.412044972244148155e-01,1.569669055302977123e-01
4.549950717747156537e-01,5.436654101524587279e-01,3.951996308683319285e-42,1.339518072800973845e-03
8.192197724653852407e-05,2.091667156578590116e-03,8.007102758999835590e-01,1.971161349662136353e-01
3.201144491659511926e-02,8.291090960490319350e-01,1.748022039095136854e-26,1.388794590344071544e-01
9.348649940098996858e-05,2.168568340915178524e-03,7.885518164526323925e-01,2.091861287070361231e-01
7.525087756156082646e-05,1.584937297424457913e-03,8.680525788890265382e-01,1.302872329359337500e-01
7.789737803015926243e-05,2.020781145341518040e-03,8.063101450208015608e-01,1.915911764558747565e-01
5.368022826063786890e-04,1.357162826198262534e-02,9.659711651043467739e-02,8.892944529450290680e-01
5.205509595300875092e-02,9.479449029011840500e-01,4.727984000610910289e-109,1.145759038508332014e-09
3.408980166922263595e-03,8.441917768785989207e-02,1.139464659005655480e-08,9.121718307505487511e-01
8.485500306715418025e-04,2.213968622705898143e-02,5.899091996067936002e-03,9.711126717462273961e-01
4.197182240850753226e-02,9.572060575884683287e-01,3.143884514649789297e-49,8.221200030637610193e-04
6.689708536781556469e-02,9.331029146321672130e-01,0.000000000000000000e+00,1.707946486604675015e-136
1.688145921246203829e-01,8.311854078754262742e-01,0.000000000000000000e+00,0.000000000000000000e+00
5.966096418659569845e-05,1.575633102950338904e-03,8.634987910444925641e-01,1.348659148883645797e-01
4.971803467866066362e-02,9.502819653213211426e-01,0.000000000000000000e+00,2.284765858158312597e-57
1.651849771635737017e-03,4.133046763468155999e-02,1.069745979918666831e-05,9.570069851339318978e-01
2.083864586014735215e-04,5.626162449560188211e-03,5.629497815629422863e-01,4.312156695289443009e-01
1.247406457184352668e-01,8.752593542815779726e-01,0.000000000000000000e+00,0.000000000000000000e+00
4.065914685861406891e-02,9.593408531414306939e-01,5.283403683054706918e-161,7.149461431609802178e-15
1.246028257106203722e-04,3.395749942905139807e-03,7.088768198064361314e-01,2.876028274249677885e-01
8.081448150524704003e-05,2.069120663121590004e-03,8.016485152122568847e-01,1.962015496430831174e-01
5.552303479695133465e-05,1.543115087404703552e-03,8.608877057430207591e-01,1.375136561347666819e-01
5.572847706059350873e-05,1.559371497652977138e-03,8.611870812449688994e-01,1.371978187803360727e-01
5.574311210019292979e-05,1.568608380669583077e-03,8.639132725976436111e-01,1.344623759096265359e-01
5.559027491085349599e-05,1.558757944124333859e-03,8.613652565278276940e-01,1.370203952531642844e-01
5.542237690411404440e-05,1.539243575970542779e-03,8.610366492971338603e-01,1.373686847500222852e-01
5.443628569714812758e-05,1.494904181120893481e-03,8.625238290464565249e-01,1.359268304866819987e-01
5.518903624269070246e-05,1.528066328035409616e-03,8.612340559926645600e-01,1.371826886430292380e-01
5.598450003370074307e-05,1.556982050728452412e-03,8.597031911709100971e-01,1.386838422783650548e-01
5.632263928060679775e-05,1.563119295141097943e-03,8.583615075810626660e-01,1.400190504845455763e-01
5.725336307759673084e-05,1.580871555955572780e-03,8.549755017968417858e-01,1.433863732841726690e-01
5.918522795399381919e-05,1.605503945232449698e-03,8.499282587446199688e-01,1.484070520822440842e-01
7.817964732655980102e-04,1.562716074149833254e-02,2.478800486400041178e-02,9.588030379211828214e-01
5.609409306797874745e-05,1.563262523095540566e-03,8.592110330111208949e-01,1.391696103727180778e-01
5.545778871011903974e-05,1.550269418917108637e-03,8.615917805688524389e-01,1.368024922235145935e-01
5.547061005961448832e-05,1.561882529566901946e-03,8.632962839189058935e-01,1.350863629415023359e-01
5.429996171338551911e-05,1.508865571984217878e-03,8.642846969709954141e-01,1.341521374952527879e-01
5.363697411579411726e-05,1.485501952556857576e-03,8.652778300898864572e-01,1.331830309834449166e-01
5.546526369268125491e-05,1.560324339400877931e-03,8.627512566723014587e-01,1.356329537246497297e-01
5.405389935586662017e-05,1.479690238328372964e-03,8.629350959801982413e-01,1.355311598821437313e-01
5.561058178180239162e-05,1.520392376431028243e-03,8.594935167993311698e-01,1.389304802425034291e-01
8.042788054625275536e-05,1.999139870159168282e-03,8.064453196230961796e-01,1.914751126262522196e-01
5.879313423502696126e-05,1.608278623312304426e-03,8.506524539493530712e-01,1.476804742931109304e-01
6.171838708887947170e-05,1.658082507861278164e-03,8.439637371861465898e-01,1.543164619189464071e-01
6.494615451969907650e-05,1.689192118867868407e-03,8.372330462209433000e-01,1.610128155056892163e-01
8.917853546183003284e-05,2.142490007912953211e-03,7.918382528489191774e-01,2.059300786077392087e-01
5.941368173687075396e-05,1.618879092983996956e-03,8.492314113926293651e-01,1.490902958325952543e-01
1.865275758448182953e-03,4.586770088338832513e-02,1.367959684323547045e-06,9.522656553984917283e-01
6.535419729379176191e-05,1.730576839034544696e-03,8.351980579670412741e-01,1.630060109966568749e-01
7.587121319047775560e-05,1.903498356491306522e-03,8.151689406800876059e-01,1.828516897501863969e-01
5.550189134512854817e-05,1.559518687322662949e-03,8.623707929958367435e-01,1.360141864255021427e-01
5.629265957478761853e-05,1.541041910550608593e-03,8.571109758594586125e-01,1.412916895704177667e-01
5.566330739657447517e-05,1.559510374634138444e-03,8.614055807718492552e-01,1.369792455460698277e-01
5.528075077414606461e-05,1.548696166839653868e-03,8.628120908670466882e-01,1.355839322153695181e-01
5.562785814648339261e-05,1.567986417951109648e-03,8.639729598444685355e-01,1.344034258794568615e-01
5.735610978468122832e-05,1.581665975030019508e-03,8.546591042825189000e-01,1.437018736326545476e-01
5.316038927109383331e-05,1.481986448419531349e-03,8.678008543751551951e-01,1.306639987871706932e-01
5.564376437998287542e-05,1.566742744270662336e-03,8.638857651459506126e-01,1.344918483453918789e-01
5.520795593004557188e-05,1.552383896059332047e-03,8.649395695699938491e-01,1.334528385779889803e-01
5.569012830720056819e-05,1.555576026782703796e-03,8.608512988887329076e-01,1.375374349561703791e-01
5.539073506333603534e-05,1.553578264286611596e-03,8.626703754748581421e-01,1.357206555257527425e-01
5.534921550922894672e-05,1.545578821404219524e-03,8.618501231035330390e-01,1.365489488594985312e-01
5.571895874750491383e-05,1.567282853618929585e-03,8.638342636150336817e-01,1.345427345725530577e-01
5.523895252773582034e-05,1.544414200790473687e-03,8.625551775166605539e-01,1.358451693300353480e-01
5.507157894754114786e-05,1.545579440994791949e-03,8.641726299602188188e-01,1.342267190197870552e-01
1.186043263199970839e-03,2.874813019140826792e-02,1.275498475086605762e-04,9.699382766978904558e-01
3.903226963159333457e-02,9.402905305803169744e-01,2.690058051882456429e-35,2.067719978808957304e-02
4.348684026347434534e-02,9.565131597365071903e-01,2.121879716211725827e-308,1.358160542420637346e-29
4.015988423488447978e-02,9.598267420181048060e-01,1.087031690259869352e-67,1.337374696759132235e-05
5.634585225757763780e-05,1.563413724154349808e-03,8.580646581279139928e-01,1.403155822956736465e-01
9.992930195468889846e-05,2.327673569475149050e-03,7.739268219158098594e-01,2.236455752127957386e-01
5.387998887006423352e-05,1.494392457522702869e-03,8.654211056737790564e-01,1.330306218798485429e-01
3.871767818743630796e-02,9.612823171581440507e-01,2.065054507900811059e-102,4.654372894374905090e-09
9.481167500104423773e-01,5.188324998952002082e-02,0.000000000000000000e+00,0.000000000000000000e+00
9.999999992644461599e-01,7.355447100475564927e-10,0.000000000000000000e+00,0.000000000000000000e+00
1.000000000000000000e+00,9.766875411121621172e-23,0.000000000000000000e+00,0.000000000000000000e+00
5.858731900809946436e-02,9.414126809918977878e-01,0.000000000000000000e+00,1.753857765157062278e-228
6.439992780673107933e-05,1.690534957052914613e-03,8.429740473796237810e-01,1.552710177355449417e-01
5.340087546129569201e-05,1.482332170908060541e-03,8.664195313558687994e-01,1.320447355977078796e-01
5.886500538757839037e-05,1.580017842924448740e-03,8.498524478053851583e-01,1.485086693462610852e-01
5.535224401132643181e-05,1.557268245267035955e-03,8.642294895188911141e-01,1.341578899917817425e-01
5.601462801381401022e-05,1.558276654545130051e-03,8.591683832287008160e-01,1.392173254887580369e-01
9.178814298927818680e-03,2.108988361615654061e-01,9.283612770601529644e-14,7.799223495393574623e-01
5.424709467727502343e-05,1.483456158180793301e-03,8.620667762357223651e-01,1.363955205113743518e-01
5.512255492820852652e-05,1.545176279953351618e-03,8.637495797917987828e-01,1.346501213733534708e-01
5.584304913236743230e-05,1.555347587822153042e-03,8.600368984545199158e-01,1.383519109084794529e-01
7.159143003094806557e-05,1.835004671741737210e-03,8.228726756855423430e-01,1.752207282126536925e-01
5.537461668952192636e-05,1.539888295178197314e-03,8.632525896122066333e-01,1.351521474759809494e-01
8.152487229587763388e-05,2.224937012717424518e-03,8.034533566344973510e-01,1.942401814804990967e-01
4.910728839492158743e-02,9.508927116050988060e-01,0.000000000000000000e+00,8.970111146045800356e-54
8.914589342465833901e-05,2.401633076226210479e-03,7.839235894743848965e-01,2.135856315559974405e-01
8.271594834677479862e-04,1.984329963286276394e-02,4.159448606780686078e-03,9.751700922768951063e-01
2.016977538745490586e-03,5.304131435237852132e-02,6.815010406276918814e-07,9.449410266078078768e-01
1.579726885278630994e-04,3.890812622256959504e-03,6.449394266420120925e-01,3.510117880472379270e-01
5.274660824472419940e-05,1.475887555638146333e-03,8.698011560323719582e-01,1.286702098037155739e-01
5.602890304261057150e-05,1.545822077491319866e-03,8.583668682037010056e-01,1.400312808157202216e-01
3.707314061157403889e-02,9.629202770271771961e-01,1.107090602132696208e-70,6.582361285402326175e-06
5.526886464261564365e-05,1.552932587336656230e-03,8.649047515519747709e-01,1.334870469959920369e-01
9.982909679341213094e-01,1.709032065860971927e-03,0.000000000000000000e+00,0.000000000000000000e+00
1.000000000000000000e+00,5.766529041951931940e-118,0.000000000000000000e+00,0.000000000000000000e+00
1.000000000000000000e+00,5.334759047100393641e-25,0.000000000000000000e+00,0.000000000000000000e+00
1.000000000000000000e+00,0.000000000000000000e+00,0.000000000000000000e+00,0.000000000000000000e+00
1.346482987941019852e-02,3.453595277502697347e-01,3.064058913228447309e-16,6.411756423703253160e-01
9.999975817117638943e-01,2.418288202420620442e-06,0.000000000000000000e+00,0.000000000000000000e+00
3.975428076301630309e-01,6.024571923698780473e-01,0.000000000000000000e+00,0.000000000000000000e+00
1.000000000000000000e+00,0.000000000000000000e+00,0.000000000000000000e+00,0.000000000000000000e+00
1.000000000000000000e+00,0.000000000000000000e+00,0.000000000000000000e+00,0.000000000000000000e+00
1.074083503192957336e-04,2.944419600695478804e-03,7.495229171228989795e-01,2.474252549260690104e-01
1.762027424414049092e-04,4.799316924279246541e-03,6.088012849618604783e-01,3.862231953714032606e-01
5.857916969293731208e-02,9.414208303070449313e-01,0.000000000000000000e+00,2.802192681432689880e-89
1.000000000000000000e+00,0.000000000000000000e+00,0.000000000000000000e+00,0.000000000000000000e+00
3.790440583914492928e-02,9.620613550920040780e-01,1.380815551693345123e-63,3.423906888027633549e-05
5.330041630669553869e-05,1.479621212016118178e-03,8.660488115812804422e-01,1.324182667904399424e-01
1.270415341812630987e-04,2.821438223052884654e-03,7.308326868848032953e-01,2.662188333580068345e-01
5.675409508292587971e-05,1.570739910541041904e-03,8.568845554605019066e-01,1.414879505339178556e-01
5.303917864691569953e-05,1.468567213817791430e-03,8.686107790046024846e-01,1.298676146029590361e-01
5.774773592269658284e-05,1.575863193020728137e-03,8.536188410641740720e-01,1.447475480069257969e-01
5.500785018846869546e-05,1.540087234698865040e-03,8.642386079551210853e-01,1.341662969599724253e-01
5.589183230923795286e-05,1.552709927908962765e-03,8.593603827086738756e-01,1.390310155311561546e-01
1.089297751626226891e-04,2.822315423139608141e-03,7.392414402669819085e-01,2.578273145347421136e-01
5.579605962718087745e-05,1.551292886457001675e-03,8.600836051337568122e-01,1.383093059201880304e-01
5.597154975152876110e-05,1.561884802996645885e-03,8.595994547101238892e-01,1.387826889371115147e-01
3.798340526518328378e-03,9.934165216734879011e-02,9.971356155298434482e-10,8.968600063089922081e-01
3.806168028397256542e-01,6.193831971602221653e-01,0.000000000000000000e+00,0.000000000000000000e+00
1.542813460518240867e-04,3.918518667977300383e-03,6.623035578152217662e-01,3.336236421707123867e-01
5.474495805974617055e-05,1.492763554706120046e-03,8.606227784365726441e-01,1.378297130506949408e-01
5.395474191813512811e-05,1.485067445397088423e-03,8.635063521491090910e-01,1.349546256635794361e-01
8.154198018763376087e-05,2.026052997585701520e-03,8.040940129812035320e-01,1.937983920410530359e-01
1.995112977705124112e-04,5.444283450925709381e-03,5.772087304574964328e-01,4.171474747938174743e-01
7.592310039836820679e-02,9.240768996015866765e-01,0.000000000000000000e+00,2.906826337571532072e-283
9.464616730269898026e-01,5.353832697304479471e-02,0.000000000000000000e+00,0.000000000000000000e+00
5.434094939676104821e-05,1.513686981118991370e-03,8.647693288630567965e-01,1.336626432064292047e-01
5.540450019519267238e-05,1.536318270228255846e-03,8.609217458140754342e-01,1.374865314154545548e-01
5.559091723477320939e-05,1.561295028446300307e-03,8.637197795362774322e-01,1.346633345180227592e-01
5.636731796353424984e-05,1.559266431014882329e-03,8.579340088150015919e-01,1.404503574360724538e-01
5.568232301301407515e-05,1.558869588056992911e-03,8.612301361714815862e-01,1.371553119174809543e-01
5.742701370729464202e-05,1.581643791400831785e-03,8.547673562229493038e-01,1.435935729719552967e-01
5.476871755292902973e-05,1.529338907455907171e-03,8.638114461389470033e-01,1.346044462359922700e-01
5.512199711987376651e-05,1.504313781787563033e-03,8.600789003120129506e-01,1.383616639091200251e-01
5.241525954410721324e-05,1.460208018622762352e-03,8.692305631672413435e-01,1.292568135545367758e-01
5.544272717781811193e-05,1.560911274664976423e-03,8.637747088524464489e-01,1.346089371457275252e-01
5.672234510381473694e-05,1.541510214693291199e-03,8.652938408737586018e-01,1.331079265664347200e-01
5.681271562612964814e-05,1.530327641747500139e-03,8.553440788334945033e-01,1.430687808091519186e-01
6.214056674245222833e-05,1.628693998029518688e-03,8.431196140555851093e-01,1.551895513796185677e-01
7.559542750006470165e-04,1.824027865240875415e-02,9.733438457877366737e-03,9.712703286147238435e-01
4.629717839881002106e-02,9.537028216012340964e-01,2.102827681815285278e-255,2.828636474866943285e-24
6.015939595931852485e-02,9.398406040407339956e-01,0.000000000000000000e+00,5.579396921680810142e-83
6.354635572754794084e-05,1.661337676282172767e-03,8.390500264403679687e-01,1.592250895276378642e-01
5.487428111868544896e-05,1.532358787172142297e-03,8.634108588770696979e-01,1.350019080546522032e-01
4.394148310955076076e-02,9.548366393132831087e-01,3.111229527823336971e-48,1.221877577150759812e-03
5.563616440485934228e-05,1.557779101341341807e-03,8.616356504123293680e-01,1.367509343219781015e-01
5.684641185898528195e-05,1.571615165115850194e-03,8.584403718031058395e-01,1.399311666198755633e-01
8.034768925817274861e-05,2.004978776832494307e-03,8.060126257945599004e-01,1.919020477393514057e-01
5.779609965398227781e-05,1.574361582004920419e-03,8.530081876986828071e-01,1.453596546196490313e-01
6.032594380840270408e-05,1.617403549477508095e-03,8.466656290625453885e-01,1.516566414441257171e-01
1.227599321374846393e-04,2.696210359799893971e-03,7.397239797865825528e-01,2.574570499214766661e-01
5.417682111765811801e-05,1.517862143816283566e-03,8.659003894807990598e-01,1.325275715542227062e-01
5.537822036986876693e-05,1.553102546891585618e-03,8.629736977062008041e-01,1.354178215264826013e-01
7.553537208356945500e-05,1.883371125597076796e-03,8.154433057904705295e-01,1.825977877118823700e-01
1.095084565839739396e-04,2.477811402633375328e-03,7.585794137457105846e-01,2.388332663950805956e-01
1.373398809476246299e-04,3.546406531636939110e-03,6.804410167257043396e-01,3.158752368617166462e-01
2.567279681746159527e-03,6.189858765822055936e-02,7.273740202931374619e-08,9.355340599225885345e-01
3.576783318052141093e-04,8.414113983018558021e-03,3.148204615000818607e-01,6.764077461850735995e-01
1.000092043612132384e-04,2.321553904470257442e-03,7.727397392081601923e-01,2.248386976830235306e-01
1.659604473435169014e-04,3.385531999014824208e-03,6.814253909390065589e-01,3.150231166146205131e-01
5.436207165982481505e-05,1.518281573004498682e-03,8.651085363290477170e-01,1.333188200263324685e-01
6.608499732866656459e-05,1.797810584988277600e-03,8.361934399125925399e-01,1.619426645050637825e-01
3.973046934293356786e-02,9.602695181956245607e-01,4.661090065520571090e-98,1.246149447218115038e-08
3.830455588285966678e-04,1.021628175086693353e-02,3.001925586831834525e-01,6.892081140070795975e-01
5.554077201621614624e-05,1.561653741044421442e-03,8.645828618939070953e-01,1.337999435930308789e-01
1.062920727864878200e-04,2.851676355468091631e-03,7.560953423297041009e-01,2.409466892420663031e-01
5.491863703568667125e-05,1.538564268712676320e-03,8.642514110800446625e-01,1.341551060142404106e-01
5.522210405737078699e-05,1.502855363892354173e-03,8.592337518328325707e-01,1.392081706992168988e-01
5.468164796533598270e-05,1.529452914681664333e-03,8.641242736384159295e-01,1.342915917989269126e-01
5.363849199465066468e-05,1.503187011508727144e-03,8.685702111439311812e-01,1.298729633525622096e-01
4.363939579137714880e-02,9.563606042086638670e-01,2.601437214294103652e-218,1.355477572511936854e-20
5.373404334882639089e-05,1.493369140502915542e-03,8.660418069936614005e-01,1.324110898225043798e-01
5.608409038796248241e-05,1.537738542434684708e-03,8.618488803868173953e-01,1.365572969803630077e-01
3.914694573769796765e-02,9.422261780850830215e-01,9.198940405491242935e-36,1.862687617723910588e-02
3.933025543707607125e-02,9.606183146847045995e-01,1.099890745187295075e-61,5.142987816602431929e-05
4.778388597626616330e-02,9.521891272397324801e-01,4.988635275657376203e-65,2.698678403571193237e-05
1.906367945847339644e-03,4.576721042936367917e-02,1.297601332972087237e-06,9.523251240234268389e-01
4.188096353558414735e-04,7.042779707719258944e-03,4.039252008395267102e-01,5.886132098173537663e-01
9.483819784496259940e-04,2.543412944647514828e-02,9.847597223145573234e-04,9.726327288527819581e-01
9.849803499466860957e-03,2.570746064003420206e-01,3.754997740354161875e-14,7.330755901001715369e-01
5.491660740548821200e-05,1.540459834487890997e-03,8.642032882504552260e-01,1.342013353076110804e-01
6.360714865134724227e-02,9.363928513486873273e-01,0.000000000000000000e+00,2.049163293269335363e-46
9.695595570810996988e-02,9.030440442919118738e-01,0.000000000000000000e+00,0.000000000000000000e+00
4.272918997864322971e-02,9.572708100213136451e-01,2.399880132666239495e-244,3.492716950732243992e-23
3.844859012258727837e-02,9.563007299533058392e-01,1.552904421245751393e-41,5.250679924136630351e-03
1.285374713717720163e-01,8.714625286282764449e-01,0.000000000000000000e+00,0.000000000000000000e+00
5.044287483367004138e-02,9.495571251663804668e-01,0.000000000000000000e+00,5.227637905943458460e-39
2.077571429319084381e-02,5.453224959724699561e-01,1.505645786119233340e-19,4.339017897343047658e-01
5.570207271639562169e-03,1.349970294585022546e-01,2.048095008632792823e-11,8.594327632493404812e-01
5.626107279674728845e-02,9.434444052046082607e-01,1.501569672063542596e-54,2.945219986936891700e-04
1.688404758971114592e-03,4.521241388049175580e-02,3.655400409385771286e-06,9.530955259600881746e-01
2.227934189548360939e-04,5.454303365696262958e-03,5.220406028168469437e-01,4.722823003985144874e-01
5.640080655508995046e-05,1.561774869059822735e-03,8.579961017850845639e-01,1.403857225392719787e-01
5.292926669932132653e-05,1.473972237806503698e-03,8.701470729202943621e-01,1.283260255751827172e-01
1.000000000000000000e+00,5.628601685155557678e-21,0.000000000000000000e+00,0.000000000000000000e+00
1.182627506896824637e-01,8.817372493103537989e-01,0.000000000000000000e+00,0.000000000000000000e+00
1.000000000000000000e+00,1.455393575240229996e-19,0.000000000000000000e+00,0.000000000000000000e+00
9.999999828165756499e-01,1.718347383211337937e-08,0.000000000000000000e+00,0.000000000000000000e+00
2.681420839704790754e-02,6.198519561104167686e-01,2.118638592661213428e-21,3.533338354925151803e-01
1.000000000000000000e+00,2.114763657038518275e-235,0.000000000000000000e+00,0.000000000000000000e+00
1.579035312274731256e-04,4.105666717005015259e-03,6.386148603292699510e-01,3.571215694224984527e-01
6.246707267674253691e-05,1.664523246758272887e-03,8.421731611139190443e-01,1.560998485666575120e-01
5.281964551748721820e-05,1.471887871742216239e-03,8.684501176083497809e-01,1.300251748744314928e-01
5.557939049545309581e-05,1.565421422432774741e-03,8.636524671770466899e-01,1.347265320100287656e-01
5.559622459781067398e-05,1.562536565803998492e-03,8.634680159884050576e-01,1.349138512212122165e-01
1.199423982101674885e-04,2.657180721136953409e-03,7.436247423109084709e-01,2.535981345697740919e-01
7.689772994833455732e-04,1.912612955041142343e-02,7.640936613692536107e-03,9.724639565363567550e-01
5.561333165917995526e-05,1.554515157181618869e-03,8.614481188999723038e-01,1.369417526112355898e-01
5.795487591294272352e-05,1.560425547628920559e-03,8.529706829440725224e-01,1.454109366323901864e-01
5.668305383687298108e-05,1.560833721496337470e-03,8.568147248388023884e-01,1.415677583858837574e-01
5.591966881327962459e-05,1.535147278552749170e-03,8.585316124686696027e-01,1.398773205839742850e-01
1.291715976139481015e-04,3.486232854293335424e-03,6.991679811350642870e-01,2.972166144130012344e-01
5.580554834230026876e-05,1.556833650514202272e-03,8.605436161996639077e-01,1.378437446014928736e-01
5.757314487324724115e-05,1.585702998180000710e-03,8.541970693455526176e-01,1.441596545114071926e-01
7.006204189084441173e-05,1.818358239598687415e-03,8.256924809360822737e-01,1.724190987823756571e-01
5.576692558840039304e-05,1.560004089503639777e-03,8.601930970750250038e-01,1.381911319098917401e-01
5.896644731673157105e-04,1.542908810138853004e-02,5.230260461357009311e-02,9.316786428118200014e-01
6.676101693620338235e-05,1.750430281229385567e-03,8.322402439088478765e-01,1.659425647930381775e-01
2.973103858568559507e-02,6.888216937396051121e-01,7.119232123342501114e-23,2.814472676747452606e-01
4.584626004876071054e-02,9.541528460908524911e-01,7.521995605002548907e-80,8.938603543580011207e-07
4.138593839564957033e-04,1.012258748207361947e-02,2.261872053000766880e-01,7.632763478338671082e-01
5.692113205557890074e-05,1.576067916376786959e-03,8.559590307445209545e-01,1.424079802069977418e-01
7.604758782469816353e-05,1.920022990620185669e-03,8.141900560347544724e-01,1.838138733867562824e-01
5.312657408520466649e-05,1.472995806550249928e-03,8.675332733917432426e-01,1.309406042276272386e-01
5.513592942459663826e-05,1.544758683258232570e-03,8.658416535098110156e-01,1.325584518774819143e-01
2.820287045545981797e-04,5.017652747264757067e-03,5.575499686192016968e-01,4.371503499289709493e-01
5.240148271685172895e-05,1.462454611236274453e-03,8.700022129435495133e-01,1.284829309624899440e-01
5.501612376352142745e-05,1.537289104680390935e-03,8.631111200761388824e-01,1.352965746953783133e-01
7.995039321755788525e-05,2.185175297247027477e-03,8.034877243227660504e-01,1.942471499868204110e-01
5.412138937065205283e-05,1.509455084115057192e-03,8.650656409111702194e-01,1.333707826152876474e-01
2.373358060835061272e-03,3.243825332420125634e-02,3.590958161055118132e-05,9.651524790333022574e-01
5.557479147204846364e-05,1.567997639227822378e-03,8.640142428974705302e-01,1.343621846718713597e-01
7.207801209267364730e-05,1.967321741018202702e-03,8.245533000912631527e-01,1.734073001556740712e-01
5.548731885180137926e-05,1.563237676196071232e-03,8.633918607608936924e-01,1.349894142440404843e-01
5.459267002010634079e-05,1.525682637748815122e-03,8.645228276966991920e-01,1.338968969954908717e-01
5.678174817526419172e-05,1.574458418666130994e-03,8.562269462336479231e-01,1.421418135994836074e-01
5.546715155936484667e-05,1.561768899508445864e-03,8.630984373029655377e-01,1.352843266459897997e-01
9.999999999998863132e-01,8.748749545916671776e-14,0.000000000000000000e+00,0.000000000000000000e+00
5.441948453891431710e-05,1.483956991910474581e-03,8.629369621403663038e-01,1.355246613831946612e-01
1.000000000000000000e+00,4.927874469351664100e-101,0.000000000000000000e+00,0.000000000000000000e+00
4.122918037185258761e-02,9.587708196281798934e-01,1.790309481771901108e-238,1.336148349988991177e-22
4.601716706251414608e-03,1.195104714220526082e-01,3.135858872319850875e-10,8.758878115581596457e-01
1.636423601024253934e-03,4.332121181751590749e-02,5.760689101640288217e-06,9.550366038923805423e-01
9.999863538128016538e-01,1.364618724279173608e-05,0.000000000000000000e+00,0.000000000000000000e+00
4.222255196335482352e-02,9.566517901225179976e-01,1.487739217753157626e-48,1.125657914070528429e-03
6.760182402335376817e-02,9.323981759766234445e-01,0.000000000000000000e+00,1.337401783597457847e-76
2.423363149051080134e-01,7.576636850949155511e-01,0.000000000000000000e+00,0.000000000000000000e+00
1.109999895142740932e-04,3.049460790214319258e-03,7.411417031379852194e-01,2.556978360823392027e-01
