8.572562646503813222e-02,1.695642446090203093e-01,4.723459812414102510e-01,2.723641476845306553e-01
1.484297715034364751e-01,2.210504603068071672e-01,5.574102938706463339e-01,7.310947431911068994e-02
9.781994557729846440e-02,1.904559666468720602e-01,4.973838906062976739e-01,2.143401971695315100e-01
9.701852113572700942e-01,2.603832670597378690e-02,2.904766271310388250e-03,8.716956654456654982e-04
9.111230913694152722e-01,6.409911220315642200e-02,3.144599967026436883e-03,2.163319646040234162e-02
8.074763951433843179e-01,1.455936103262920889e-01,9.154335817261511493e-03,3.777565871306205053e-02
9.269654037139331004e-01,5.135294746103576113e-02,5.004477466977467343e-03,1.667717135805371273e-02
9.260709740422968794e-01,6.440402701873298996e-02,3.884880805469040268e-03,5.640118133500481891e-03
1.595032414480943017e-02,1.463984937040083700e-01,2.542905051948397555e-01,5.833606769563416394e-01
1.277238090641727268e-02,1.683239061226868560e-01,4.076468351200741580e-01,4.112568778508203793e-01
6.241770553792618664e-02,1.095132580890901403e-01,3.446459085182960180e-01,4.834231278546874400e-01
6.402795178462754311e-02,1.580496406349925498e-01,3.711835332645512242e-01,4.067388743158281694e-01
3.168965132090138109e-02,1.321623820409036365e-01,3.615339432003328302e-01,4.746140234378619094e-01
7.147096171802064246e-02,1.823158755868310443e-01,4.143249490383197897e-01,3.318882136568281904e-01
2.273990372458638276e-01,1.857327907558556646e-01,3.540279399693874174e-01,2.328402320288928962e-01
7.409857543342454611e-02,9.264777593622407215e-02,1.945844193710485337e-01,6.386692292593020293e-01
1.240108841322076078e-02,8.467734149880047634e-02,2.182559014514896256e-01,6.846656686364885891e-01
3.052251812514977097e-02,2.000460582997153069e-01,3.777954898859312016e-01,3.916359336892036302e-01
1.317396773655479247e-01,1.735232608400370247e-01,3.200541674076695098e-01,3.746828943867447359e-01
1.000469961088962523e-01,1.402018265897326810e-01,2.695304101406847397e-01,4.902207671606858552e-01
4.274615723328966527e-02,1.096175394050393076e-01,5.819773426006396022e-01,2.656589607610310710e-01
3.962714527045023416e-02,1.254675452198821817e-01,4.452827519695981007e-01,3.896225575400690810e-01
3.916076715037625222e-01,1.614508409869281624e-01,2.853883393867912566e-01,1.615531481225174204e-01
4.259852043381456843e-02,8.992694871992472361e-02,4.287673036286043238e-01,4.387072272176563703e-01
1.785785178873412760e-02,1.157132714292930520e-01,2.383988271016907190e-01,6.280300496802809773e-01
2.285776882431295523e-02,1.280222530329146458e-01,2.451580506911388568e-01,6.039619274516332403e-01
6.747617998616464718e-02,1.136074551480511369e-01,5.101304278431403327e-01,3.087859370226441191e-01
6.388193333369431015e-02,1.449231968667726300e-01,6.203929508056431619e-01,1.708019189938888571e-01
2.308183850463263811e-02,1.140239323885608308e-01,3.424334931923941894e-01,5.204607359144128864e-01
1.056388407344288974e-02,1.445876868809721216e-01,4.373598042050826362e-01,4.074886248405014122e-01
7.175355382921170047e-03,1.175881312723223854e-01,3.866833799950477046e-01,4.885531333497084572e-01
6.408859957981484501e-02,1.017827962822352578e-01,4.476002923804782707e-01,3.865283117574718763e-01
5.233164977866999745e-02,1.147355470166230712e-01,5.600039463095385361e-01,2.729288568951687699e-01
4.535701774575622708e-02,1.050420051010221151e-01,5.023585041785701977e-01,3.472424729746518834e-01
3.453565776543725263e-02,1.203920452318242434e-01,7.361050749811234306e-01,1.089672220216144072e-01
5.386468158948034546e-01,2.281797454222764809e-01,1.890643620397489399e-01,4.410907664317114535e-02
6.100573993709249576e-01,2.050790590171780725e-01,7.919462327533144386e-02,1.056689183365654011e-01
6.975269370979894079e-01,2.058908758510150649e-01,2.164115680071563783e-02,7.494103025027960829e-02
6.354714383719989312e-01,2.395866341475859362e-01,2.222989118724414889e-02,1.027120362931701197e-01
7.586033363222608461e-01,1.527228226623734697e-01,1.152614281143692423e-02,7.714769820392895772e-02
4.148910312339885165e-01,2.947236165107682826e-01,1.553424804061608322e-01,1.350428718490831459e-01
5.098334186668161960e-01,3.545681231199999117e-01,2.560106213231217939e-02,1.099973960808715290e-01
5.208223623383845258e-01,3.061354766664359794e-01,4.655704743957461700e-02,1.264851135556051831e-01
8.841843327832292765e-01,8.490589104522924813e-02,1.763978582691817440e-02,1.326999034462269383e-02
7.947769723611434189e-01,1.328584636124107710e-01,4.121369612284861428e-02,3.115086790359624866e-02
5.755798994327826490e-01,3.197606889369655203e-01,1.801242552382259152e-02,8.664698610642894427e-02
2.342049264324688740e-01,2.150314624108856931e-01,4.084180756227780984e-01,1.423455355338673900e-01
2.224313707963860576e-01,2.649274561523787819e-01,4.391231077552477102e-01,7.351806529598724216e-02
2.174360424813405190e-01,2.848373112675934293e-01,4.085871169594075814e-01,8.913952929165784578e-02
5.704618280756056092e-02,1.718993132512482702e-01,6.227194830797004865e-01,1.483350208614912513e-01
5.807242271595789429e-01,2.381520859558396708e-01,9.547175149197208166e-02,8.565193539260887445e-02
4.612675302638544195e-02,1.071859717338044943e-01,7.254828489772180422e-01,1.212044262625917163e-01
2.313087374227080703e-02,1.360026908254804712e-01,6.898691999600318203e-01,1.509972354722160515e-01
2.413072566666217278e-01,2.087922017224260463e-01,5.018348903246743209e-01,4.806565128627832140e-02
6.814130713262481764e-01,1.929032688072157276e-01,5.543644610893069813e-02,7.024721375760474562e-02
8.498605700306749444e-01,6.989573473696931993e-02,2.478695471195472774e-02,5.545674052040158036e-02
3.113252189853150109e-01,2.008470134448191724e-01,3.265844708582948952e-01,1.612432967115705884e-01
1.779688260226180985e-01,2.631003229506132524e-01,4.572199892578180380e-01,1.017108617689499866e-01
2.567007633190678262e-01,2.903678978615126249e-01,3.338865042551186768e-01,1.190448345643004835e-01
7.411962744793043623e-01,1.364115745451657258e-01,8.013789022509999749e-02,4.225426075042954671e-02
3.024031034389589312e-01,3.381600650746743875e-01,3.000796327124885532e-01,5.935719877387848203e-02
3.525075727914153689e-01,2.160209045147316598e-01,1.877285852821068135e-01,2.437429374117453806e-01
6.187226025866120471e-01,1.782373782478268165e-01,1.103083501809507122e-01,9.273166898461007723e-02
8.359105905940462655e-01,1.200789366679071851e-01,1.100116562359208273e-02,3.300930711445421856e-02
8.424165003297351406e-01,8.832245593458826205e-02,3.231703268137094825e-02,3.694401105430523274e-02
6.680465831231896523e-01,1.688175769406030369e-01,6.731147009595149500e-02,9.582436984025598237e-02
2.976495944543925409e-01,2.473616775317044603e-01,3.504580466038090258e-01,1.045306814100931125e-01
1.930276426660714195e-01,2.443192082556246425e-01,3.528296694318755478e-01,2.098234796464287233e-01
3.050198943385472594e-01,1.677853624230941920e-01,2.975175037917876519e-01,2.296772394465697587e-01
1.799101792986855242e-01,2.310292209102384475e-01,3.558201537798278968e-01,2.332404460112471878e-01
8.895268991629282640e-01,7.739948413514592673e-02,8.324614478658592942e-03,2.474900222326695959e-02
2.442492399800060277e-01,2.151487803776890029e-01,4.093031519993595158e-01,1.312988276429452317e-01
4.793419526530402486e-01,2.165544110559200486e-01,1.767793346488394368e-01,1.273243016422001550e-01
1.816516816366464948e-01,2.700991857536169105e-01,4.629172849424392222e-01,8.533184766729656756e-02
4.559198417681399607e-02,9.044939279202053595e-02,3.893472327337262895e-01,4.746113902974384291e-01
7.271978146702791079e-01,1.794224040085301564e-01,6.123042928863369622e-02,3.214935203255641499e-02
7.546591276370702428e-02,1.622329757510290460e-01,7.097543922430341601e-01,5.254671924223015128e-02
9.340893895814367243e-01,5.446246371232831007e-02,3.522366032660150924e-03,7.925780673574786550e-03
1.539363476371408135e-01,2.006873566556424682e-01,5.907511879825532164e-01,5.462510772466276643e-02
2.165336545635304089e-01,2.078260295453603912e-01,4.980991975774480829e-01,7.754111831366103380e-02
5.201186909753470200e-01,1.695487904553305003e-01,1.677133985983056685e-01,1.426191199710162560e-01
8.968794441347259783e-01,7.244103114163102930e-02,3.528299886388122121e-03,2.715122483725428137e-02
6.334659345985957923e-01,2.519467727447989303e-01,2.286696142694596284e-02,9.172033122965796148e-02
2.274093838587451233e-01,1.842267129306020823e-01,4.793541638701854235e-01,1.090097393404668158e-01
3.526166906629321085e-01,1.466254707648019240e-01,3.235091588078501945e-01,1.772486797644145795e-01
9.572468583403187514e-02,1.919008070253619969e-01,5.036939346966246012e-01,2.086805724439818599e-01
6.411871320114362338e-02,1.767827162925655615e-01,5.894106843040852750e-01,1.696878862022050405e-01
6.211010606825247832e-02,1.398533849513919625e-01,6.089685827609772062e-01,1.890679262193772636e-01
3.870047672915323533e-02,1.222431424698452451e-01,6.702011018393365660e-01,1.688552789616642180e-01
1.000661401184813754e-01,1.541369576587841295e-01,5.451552754435105008e-01,2.006416267792237307e-01
5.365834104406096150e-02,1.525214531168864462e-01,6.867958126762032656e-01,1.070243931628488132e-01
5.076480216764667208e-02,9.351711290945034782e-02,6.930685316553925057e-01,1.626495532675098776e-01
1.272087908823202052e-01,2.115947463827880515e-01,5.686328828356884690e-01,9.256357989920306617e-02
4.203353558206505969e-02,1.532158718066420067e-01,7.553005877142284774e-01,4.945000489706381785e-02
2.065221417235153789e-01,2.763270287296719641e-01,3.978241018047412592e-01,1.193267277420720779e-01
1.148307211579269876e-02,1.437256828074743864e-01,4.791556025738105129e-01,3.656356425029226309e-01
8.173398423471961438e-02,1.764584878292500270e-01,6.236900151405170289e-01,1.181175127955118864e-01
1.250481795960316778e-01,2.602599299994808879e-01,4.754057273157702990e-01,1.392861630887170243e-01
4.605293305550667987e-02,1.188377497910585723e-01,6.843200563325559926e-01,1.507892608208783458e-01
3.417642443212099979e-01,2.042493156353449024e-01,2.327550916661596525e-01,2.212313483772849754e-01
3.603135360962562705e-01,1.983011584648578518e-01,2.460990401239627479e-01,1.952862653149223249e-01
1.715774681609239793e-01,1.973327710902785526e-01,4.644817789043603762e-01,1.666079818444368976e-01
2.334277795841069036e-01,2.591267945633657366e-01,4.065481297984784859e-01,1.008972960540491653e-01
2.105008041465158686e-01,2.760644183202155544e-01,2.217562525258539863e-01,2.916785250074144797e-01
6.409312677776310418e-02,1.925587148382232883e-01,6.967816156345374434e-01,4.656654274947623351e-02
1.208978170629678994e-01,2.457296517723761287e-01,5.681410788772620624e-01,6.523145228739275769e-02
1.813186534075657552e-01,2.522313641509848492e-01,3.593988521304115613e-01,2.070511303110371959e-01
6.286062671848287320e-02,1.255474789142744796e-01,5.516548834571856075e-01,2.599370109100565540e-01
5.897286876415725604e-02,1.468547669952242340e-01,5.565744083122747821e-01,2.375979559283426523e-01
4.962398437905413129e-02,9.708849379679476699e-02,5.056251065519440369e-01,3.476624152722062600e-01
5.987425262645864471e-02,1.725384041483112585e-01,5.805132207489788199e-01,1.870741224762507704e-01
7.734934570718247915e-02,1.852322654712510175e-01,5.839183473726463625e-01,1.535000414489191833e-01
8.625173855856907434e-02,1.536785247797435860e-01,5.358444393798489358e-01,2.242252972818375711e-01
2.928654376669087567e-02,1.306124980089568566e-01,6.231085790585406681e-01,2.169923791658116830e-01
2.884570054128880387e-02,9.730637893238504310e-02,6.823077458252959637e-01,1.915401747010299360e-01
7.904784387009632096e-02,1.641119685590468058e-01,6.741436557508539984e-01,8.269653182000326341e-02
5.635917192413708587e-01,1.455801749527561861e-01,1.828719927711605353e-01,1.079561130347120451e-01
8.017700833780943004e-01,1.251348723601820034e-01,1.530330127388950141e-02,5.779174298783445324e-02
8.692655507976714269e-01,1.021432583670199845e-01,6.557743073919541921e-03,2.203344776138894262e-02
7.654883496921032204e-01,1.605849840433045961e-01,1.831620658753012332e-02,5.561045967706192833e-02
9.221016510686598222e-01,5.289933589587227786e-02,5.548451058745177376e-03,1.945056197672297843e-02
9.638826687201682564e-01,2.750179265179266558e-02,1.436495448995449200e-03,7.179043179043175654e-03
8.715537381843302400e-01,9.510170466788114840e-02,7.534726303108654766e-03,2.580983084467994293e-02
9.487668271378596474e-01,4.039371433305262438e-02,2.142919988508223267e-03,8.696538540578783311e-03
9.273408514516097156e-01,4.693777519350279120e-02,2.817336340130458232e-03,2.290403701475682632e-02
9.380679336702164584e-01,4.404691599250428607e-02,2.597278130366365879e-03,1.528787220691245514e-02
8.056922735159576243e-01,1.508101179865884434e-01,1.242989502327736598e-02,3.106771347417638593e-02
8.950756278443777747e-01,6.462626903325435768e-02,1.016888589351824281e-02,3.012921722884960921e-02
9.204334451496216651e-01,6.045958232943537264e-02,4.826934176934175383e-03,1.428003834400892562e-02
9.197239894801618743e-01,6.784230078701830591e-02,6.475155604199718702e-03,5.958554128619912918e-03
7.728251109550056119e-01,1.448241829120311408e-01,4.232965114735633833e-02,4.002105498560613872e-02
9.582595591908089627e-01,3.718010253635259388e-02,2.275949050949050735e-03,2.284389221889223092e-03
5.356458316279522069e-01,2.084378602799846214e-01,2.060128928798239112e-01,4.990341521223878862e-02
5.604494170690001859e-02,1.684880197889486453e-01,6.823068355234372939e-01,9.316020298071386874e-02
2.766178897985400176e-01,2.941580004769050460e-01,3.554883227883229857e-01,7.373578693623200619e-02
3.003042319995110065e-01,2.652198914905182781e-01,3.723856424277481869e-01,6.209023408222336810e-02
2.663439005682735616e-01,3.018657685336940122e-01,3.275134310929009307e-01,1.042768998051312040e-01
1.556972011090044516e-01,2.108457923032419912e-01,5.944720544720158983e-01,3.898495211573779068e-02
1.025571332262508739e-01,1.991692048556018557e-01,6.373416390111431573e-01,6.093202290700365509e-02
1.505877581311018676e-01,1.632403129335404379e-01,6.416257629195702972e-01,4.454616601578681445e-02
1.827867664155588268e-01,1.859592630730983187e-01,5.813318327527303708e-01,4.992213775861236574e-02
1.872539793389444707e-01,2.365160465609376095e-01,4.594336836301817772e-01,1.167962904699358928e-01
2.553048520107346897e-02,1.478263381634702667e-01,5.690774548980427339e-01,2.575657217374130448e-01
1.710010852207909382e-01,3.051416469180711633e-01,3.900997708496363181e-01,1.337574970115023576e-01
6.318917059247958212e-02,1.515470302573246053e-01,6.500311347965751496e-01,1.352326643536201356e-01
2.336650118307044277e-01,2.544987237435765715e-01,4.029743773662702311e-01,1.088618870594489779e-01
4.346482682500679151e-01,1.711951407768354527e-01,1.700054327187258407e-01,2.241511582543702086e-01
1.512913298839962950e-01,2.654566441878552507e-01,3.732472577409694514e-01,2.100047681871790861e-01
3.789168177432297169e-01,1.653070320975889573e-01,2.568552530802530320e-01,1.989208970789270170e-01
2.755049189029070145e-01,2.890310318401071443e-01,3.647196115674830597e-01,7.074443768950353095e-02
7.168693855765828626e-01,1.603972536772653446e-01,6.333927714442431911e-02,5.939408360172682838e-02
1.847442930642889947e-01,2.223640763354887695e-01,3.273881439960970585e-01,2.655034866041250385e-01
3.261845344627853915e-01,2.054399240400980875e-01,2.785146978086414093e-01,1.898608436884753059e-01
6.710636443492855596e-01,1.124401658347671806e-01,8.837719096993473800e-02,1.281189988460112172e-01
7.336522717006064287e-01,2.077705571432350296e-01,2.241504151163595596e-02,3.616212964452134720e-02
5.596878104330312853e-01,2.547046512654875805e-01,1.096359663083733976e-01,7.597157199310841658e-02
7.812527721246753654e-01,1.610622298775353789e-01,1.347970913890030736e-02,4.420528885888800469e-02
9.506697769250009866e-01,3.796232582776704056e-02,3.228791551585669019e-03,8.139105695645940802e-03
9.085574221530100525e-01,7.184303629377164491e-02,8.997004588548700513e-03,1.060253696466931066e-02
4.761776466717841938e-01,2.388175339237645078e-01,2.453989803518631663e-01,3.960583905258832638e-02
9.139581196989283729e-01,6.042289769054475651e-02,1.000340651995063404e-02,1.561557609057609083e-02
6.759147245685169780e-01,1.507378609479614884e-01,9.053753641224618343e-02,8.280987807127507261e-02
1.914878474058619440e-01,3.084485491696983273e-01,4.058754626350604688e-01,9.418814078937920442e-02
8.404247281313446116e-01,9.853546424980254292e-02,1.917353893741279014e-02,4.186626868143902835e-02
5.033466157509504102e-01,1.392379900757995947e-01,1.720928536612166826e-01,1.853225405120333957e-01
2.206259821948441668e-01,3.461123281325804713e-01,3.268936536538198934e-01,1.063680360187553020e-01
1.560940516333510220e-01,2.378507793419173955e-01,4.905111401498403190e-01,1.155440288748918187e-01
4.661681697645325695e-02,1.058711964398690586e-01,7.403715649653918041e-01,1.071404216182853808e-01
1.612708744428945074e-02,1.600939536126067542e-01,3.740548199113402639e-01,4.497241390317625043e-01
1.287246536143594675e-02,1.073473816796378516e-01,4.725278317313922893e-01,4.072523212275337978e-01
6.820970021550514829e-03,1.094945009002865344e-01,4.120207398316335090e-01,4.716637892465297410e-01
4.848585564762039612e-02,1.149858215958448060e-01,4.563812440590888642e-01,3.801470786974462390e-01
1.009163581924611419e-01,1.178018297771199069e-01,4.185007597794357381e-01,3.627810522509826718e-01
4.983032214818211569e-02,1.020462287304198384e-01,5.981780136766392530e-01,2.499454354447583904e-01
2.955221098346102332e-02,1.224285422094244652e-01,5.347380406873831760e-01,3.132812061197313702e-01
4.548009278088613327e-02,8.276277653804743617e-02,5.224702502670194315e-01,3.492868804140473182e-01
1.113210698615109580e-02,1.308743370406681705e-01,2.818684679291295070e-01,5.761250880440498268e-01
4.910080511808461584e-02,9.927803879127414244e-02,4.911084376515300609e-01,3.605127184391115347e-01
2.031581120590794931e-01,1.984323272895832935e-01,4.056771770240416020e-01,1.927323836272945845e-01
1.386340385405787114e-02,1.628058520985375124e-01,3.646935496370677932e-01,4.586371944103362908e-01
3.165481428401323294e-02,1.207628622774714333e-01,6.302506415583040145e-01,2.173316818802111805e-01
8.594602260914175479e-03,1.212008927927077234e-01,3.937495815158350010e-01,4.764549234305429093e-01
8.571455493465950093e-02,1.056073521314427471e-01,4.955402001185086336e-01,3.131378928153888408e-01
5.673681065666367346e-02,9.023993633645335799e-02,4.559015080164068312e-01,3.971217449904765884e-01
4.750303862803863068e-03,1.218959667031454669e-01,3.226967668189221206e-01,5.506569626151281982e-01
1.089290238356414031e-01,1.201673820245800911e-01,4.074742339768078758e-01,3.634293601629708381e-01
9.901239128518535271e-02,1.124392326219532112e-01,4.330580768904300215e-01,3.554902992024313035e-01
6.310053937076005870e-02,1.214580941826490512e-01,5.731876219970258868e-01,2.422537444495649062e-01
8.316727716727716560e-03,1.720268097356718595e-01,2.532214179611237403e-01,5.664350445864752004e-01
1.589176440389674511e-02,1.594970758322342141e-01,2.360174422799419802e-01,5.885937174839251940e-01
1.000617889033909857e-01,1.444372569101864123e-01,4.158851263008572219e-01,3.396158278855645474e-01
1.025297683933713011e-01,1.546440764086272346e-01,3.132043100797554103e-01,4.296218451182457487e-01
4.325477014815249169e-03,1.581533243781502729e-01,1.738357937577557077e-01,6.636854048492777380e-01
3.778868591418899081e-01,1.374531085293275168e-01,2.649263358072951879e-01,2.197336965214865545e-01
2.518936920922220171e-02,1.631672406089781646e-01,5.026787771868649335e-01,3.089646129949341624e-01
6.333210869797563369e-02,1.076169579775230201e-01,4.925952602179383133e-01,3.364556731065630468e-01
1.642905927706624081e-02,1.059889375309073373e-01,5.943916654531399280e-01,2.831903377388864107e-01
4.901794149263197231e-02,1.178425035619695693e-01,6.168814154799440175e-01,2.162581394654534972e-01
1.555987098986324688e-02,1.267624164283951416e-01,4.628832624756043512e-01,3.947944501061366740e-01
3.814868983141047470e-02,1.326504512644218203e-01,6.681550267950989719e-01,1.610458321090675049e-01
1.462465748046242082e-02,1.437316261310067900e-01,5.105338231277665173e-01,3.311098932607641210e-01
2.096683909270986162e-02,1.017308994733335942e-01,5.486884235131916920e-01,3.286138379207651505e-01
4.722647128198610017e-02,1.388042993985718898e-01,7.130627095320396514e-01,1.009065197874022268e-01
1.019720240844466420e-02,1.440634552130873602e-01,4.516330941074744310e-01,3.941062482709928316e-01
4.624109664844963663e-02,1.334062560160858002e-01,6.891924278271598370e-01,1.311602195083037825e-01
3.004610158718134388e-02,1.150844001651082776e-01,5.368205046737749564e-01,3.180489935739356788e-01
2.835113887230762686e-02,1.007731359133641896e-01,5.311971661315124660e-01,3.396785590828159673e-01
4.097279503477263551e-02,1.216734511403628899e-01,7.206989725767004584e-01,1.166547812481635582e-01
2.932001356486655178e-02,1.042452151198474120e-01,7.622910271917621161e-01,1.041437441235235073e-01
2.856763444888446579e-02,1.251692996960563631e-01,4.451135595134473322e-01,4.011495063416119500e-01
4.977339986295103297e-02,1.358983322942108329e-01,5.149114466630722031e-01,2.994168211797664236e-01
3.498406663877054457e-01,2.072338438307479713e-01,2.361848259068071720e-01,2.067406638747389391e-01
9.028366772524856199e-01,7.045646689911390370e-02,1.420314358843769754e-02,1.250371225996225501e-02
7.334096050599725469e-01,1.243382036865781914e-01,6.064193656790409920e-02,8.161025468554491957e-02
5.858952621982417286e-01,1.403302678917228985e-01,1.397655342980033966e-01,1.340089356120315600e-01
1.940992351087164267e-02,1.115407537723712844e-01,4.296155024542022138e-01,4.394338202625548417e-01
7.368172283942418799e-02,1.227294025397545202e-01,5.676884767580197000e-01,2.359003978628011478e-01
7.879872673078554268e-02,1.003359672147598608e-01,4.306513609980744950e-01,3.902139450563794631e-01
6.982010078157123711e-01,1.993132770974294643e-01,3.492723744478783143e-02,6.755847764206907025e-02
6.861427564222835063e-01,2.431008404735958972e-01,1.300066951022832255e-02,5.775573359389158529e-02
8.914641151439712807e-01,5.980878333268042912e-02,1.075338431992842875e-02,3.797371720341927159e-02
8.582145050726700530e-01,1.015623806748805064e-01,8.616967183143650968e-03,3.160614706930502116e-02
8.895928737907256023e-01,8.700656423469890766e-02,4.388251003382581672e-03,1.901231097119255448e-02
1.642348877064628010e-01,1.768263417610938804e-01,4.645067088419833068e-01,1.944320616904594290e-01
1.611038147245771601e-01,2.508336858897038391e-01,4.307504735439141585e-01,1.573120258418051753e-01
1.871988271747171417e-01,2.654620976568151103e-01,3.933422143194784115e-01,1.539968608489893087e-01
6.197868955949460690e-02,1.186709321938810013e-01,7.378372479043139309e-01,8.151313034231000287e-02
2.312869414082651884e-02,7.538157478701208725e-02,3.430825900814869489e-01,5.584071409906740113e-01
3.085926032880946246e-01,2.160024882711027439e-01,2.365932959970888094e-01,2.388116124437137666e-01
1.758538521785229236e-01,1.195629281429782392e-01,4.014696053731265368e-01,3.031136143053714260e-01
4.487136960261965679e-02,1.124321362461067064e-01,5.885797147490449133e-01,2.541167794022279880e-01
2.598182089453375532e-02,8.871755816637787173e-02,6.430882007418965429e-01,2.422124201971919688e-01
4.684349731151207091e-02,9.078600211063445058e-02,5.782776763613063364e-01,2.840928242165474127e-01
1.709818823333528470e-01,1.627969470509449124e-01,4.987314584638188886e-01,1.674897121518832133e-01
1.875900490097278384e-01,2.632049758226807645e-01,3.822017167601919341e-01,1.670032584073992410e-01
9.334463316095656937e-01,5.000952956357371249e-02,7.133828385666617609e-03,9.410310441192790490e-03
2.386533968560939079e-01,2.404872715892371615e-01,3.264720737273564266e-01,1.943872578273120877e-01
1.773110001209922126e-01,2.451403037888064407e-01,3.238559731891778037e-01,2.536927229010240148e-01
3.279693835962794179e-01,2.142229464764678626e-01,2.357559460899437964e-01,2.220517238373080626e-01
2.235936646364469760e-01,2.513064337150638372e-01,3.997800520536399782e-01,1.253198495948496249e-01
8.858214158777238945e-02,1.249191814420529401e-01,4.494738615572594354e-01,3.370248154129152907e-01
6.417899592023058875e-02,1.043976231285055900e-01,3.726716441775458355e-01,4.587517367737188878e-01
3.934093483034851735e-01,1.651560752457034709e-01,2.721076853530026152e-01,1.693268910978083241e-01
4.525327022908301466e-02,1.134305336304562428e-01,7.425103470553352514e-01,9.880584908512532460e-02
8.562436988944145400e-01,1.154351703400657847e-01,1.160431973856895262e-02,1.671681102695034282e-02
9.161779075499655312e-01,5.942161996500237159e-02,4.541069469745940071e-03,1.985940301528537830e-02
9.595918487966281774e-01,3.459290541974367056e-02,2.175234487734487628e-03,3.640011295893649714e-03
9.349108048105139179e-01,5.512309385875568957e-02,1.813789886584004241e-03,8.152311444145805830e-03
3.626845725503425877e-01,1.637870563066961271e-01,3.126793817057552105e-01,1.608489894372054363e-01
9.516366788032228907e-01,4.239768899401257646e-02,1.631912531912531935e-03,4.333719670852023871e-03
9.530009568454423929e-01,3.177294045823458868e-02,5.237030330780331235e-03,9.989072365542949958e-03
9.654004703629700535e-01,2.655398767898770052e-02,2.608806471306471253e-03,5.436735486735485082e-03
9.640638956738989407e-01,2.787122391497392354e-02,3.336408444496678956e-03,4.728471966629860940e-03
1.964727607295524148e-01,1.902630325599754535e-01,2.419096522522024562e-01,3.713545544582695923e-01
2.218093306461339231e-01,2.638543133960122300e-01,3.244801244657470884e-01,1.898562314921062311e-01
8.377131389035794573e-01,1.050462590922149608e-01,8.857134164854747055e-03,4.838346783935024847e-02
9.606214736652234354e-01,3.181713911088912550e-02,2.645772283272283462e-03,4.915614940614938810e-03
3.926466705615500041e-01,1.563120867801788549e-01,2.510399665758220600e-01,2.000012760824484148e-01
6.507703629145203394e-02,1.427802337669211163e-01,5.019081598333725580e-01,2.902345701082542084e-01
1.328524652377206100e-02,9.662662191394776057e-02,1.424024011828385061e-01,7.476857303794418597e-01
1.250519962064078686e-02,1.848396334015142417e-01,3.024920838599824413e-01,5.001630831178617287e-01
2.237241181333284867e-01,1.616105059543139488e-01,5.036202073468325491e-01,1.110451685655245990e-01
2.797524819951294553e-02,1.474390774258419190e-01,4.990964258050177849e-01,3.254892485696275206e-01
1.702429882209294254e-02,1.203385444427431811e-01,2.867213295283150276e-01,5.759158272068485296e-01
1.873749157189559533e-02,7.633673327661325003e-02,6.817101623458238224e-01,2.232156128056670963e-01
1.675275124134215365e-01,2.134340427526695561e-01,4.652491252462105931e-01,1.537893195876972319e-01
3.057984388977041251e-02,7.674671988872826256e-02,5.916117865643979457e-01,3.010616496571023593e-01
4.379694612018537880e-02,1.893751763845031577e-01,6.118000604465188008e-01,1.550278170487922047e-01
4.547292095095298858e-01,2.825608378528070563e-01,1.939618352987739491e-01,6.874811733888762377e-02
7.596733336774150747e-01,1.933572796849688802e-01,1.123347081839728631e-02,3.573591581921699289e-02
4.400865060056046718e-01,3.189552560077522636e-01,1.812585120246109349e-01,5.969972596203251131e-02
1.076084953423769863e-01,1.861505679605909847e-01,5.107541920970324334e-01,1.954867445999992903e-01
7.276742930701916856e-02,1.196151444852875390e-01,5.188381274599149773e-01,2.887792987477783013e-01
4.474887757151695816e-02,6.996586570034725450e-02,3.301540919671148711e-01,5.551311647610214228e-01
2.141240729987247404e-01,2.034579311276097646e-01,4.547838415604856244e-01,1.276341543131792045e-01
7.641903223281707458e-01,1.697795278788118145e-01,1.763955374690669153e-02,4.839059604611089388e-02
6.834303793020701789e-01,2.089844878547665041e-01,1.958659750981733838e-02,8.799853533334568711e-02
8.000517112531434216e-02,1.404071918922150108e-01,6.457317056803699717e-01,1.338559313021001340e-01
3.406723505252921835e-02,1.388010062864551697e-01,3.776952537658422315e-01,4.494365048951733943e-01
4.157681876946590221e-02,1.745489909192114442e-01,4.827993206548354399e-01,3.010748696564874982e-01
4.305441322308587587e-02,1.259561529350421982e-01,5.694326325764020869e-01,2.615568012654702068e-01
1.262576936951936846e-02,7.982866843983334182e-02,2.031598571685452881e-01,7.043857050221021820e-01
1.270190605962664282e-02,1.809083282837730400e-01,3.469802258908101789e-01,4.594095397657897983e-01
4.553054869751853306e-02,7.968557489981634157e-02,6.385255908006673975e-01,2.362582856019969368e-01
1.723597983629716335e-01,2.707243065027507556e-01,3.840742411548719870e-01,1.728416539794055962e-01
1.208019965844268073e-01,1.693580689692144869e-01,4.388623568403559050e-01,2.709775776060024954e-01
4.333186698921995261e-02,1.311265696227576216e-01,6.522166981496302363e-01,1.733248652383907740e-01
6.387804523907475440e-02,1.921636406893760252e-01,6.225436270836994801e-01,1.214146869878487550e-01
1.362895062582755723e-01,1.778048551852345338e-01,4.701126489222847149e-01,2.157929896342047071e-01
1.139747069107363842e-01,2.077556819212776074e-01,3.753582329843360710e-01,3.029113781836498265e-01
1.855805805885719362e-01,2.568098031934525904e-01,4.277014671280735536e-01,1.299081490899022251e-01
8.105135569388471906e-01,8.166161069322844246e-02,6.107274360701225174e-02,4.675208876091233728e-02
8.736184252430578834e-01,1.004548839640750368e-01,1.527908729342551848e-02,1.064760349944173477e-02
1.712027328171485951e-01,2.357944826673155359e-01,3.212534011997633665e-01,2.717493833157730299e-01
6.036582503538784339e-02,1.095938322298616874e-01,4.503257305087409734e-01,3.797146122260091072e-01
4.843497006132841398e-01,1.653145281146438661e-01,1.668243261425537693e-01,1.835114451295178362e-01
3.029523644355303774e-02,9.735782922143208784e-02,3.505904015811328600e-01,5.217565327538818964e-01
2.159653801586269017e-01,2.170120437934097701e-01,4.050441548024555360e-01,1.619784212455071815e-01
4.063455792573442832e-02,1.193514308152810732e-01,6.246739176623498091e-01,2.153400935966336138e-01
4.742631347195983005e-02,1.135219889866753568e-01,5.197594637796838501e-01,3.192922337616801443e-01
5.021405239712135177e-02,1.167938553684876868e-01,4.367745798641501365e-01,3.962175123702408874e-01
1.577322621865577534e-01,1.869916260382202267e-01,3.805028723426550075e-01,2.747732394325663186e-01
4.310440894674649054e-02,1.181166941181453350e-01,5.508578173868616812e-01,2.879210795482469720e-01
4.185285276299210988e-02,1.189055028713116580e-01,6.363906943782903225e-01,2.028509499874049937e-01
1.288519381697594279e-01,1.495746955486892404e-01,2.394090690119133613e-01,4.821642972696374430e-01
1.786253881259178278e-01,1.923538426442837068e-01,2.167212462782312499e-01,4.122995229515665216e-01
2.037899788456559447e-01,1.737881176142396233e-01,3.211509117924559731e-01,3.012709917476482091e-01
2.820446030384301528e-01,1.715667642857655883e-01,2.775786179399377107e-01,2.688100147358662984e-01
2.243070635354496023e-01,1.870878515404441333e-01,3.069462793956991842e-01,2.816588055284071634e-01
1.316298927916767503e-01,1.405532587875659711e-01,3.395517687936421281e-01,3.882650796271154281e-01
8.208352676520241920e-02,2.027383076783036697e-01,3.381833764382335406e-01,3.769947891182606203e-01
6.527596991137604721e-02,1.714939442589724361e-01,5.654078454153602662e-01,1.978222404142911395e-01
2.513990703031918628e-01,2.432694824224623242e-01,4.215021948317420608e-01,8.382925244260383546e-02
7.580191420915686207e-01,1.655095637936193076e-01,2.275852505337801895e-02,5.371276906143405971e-02
5.325866868597518566e-01,2.295199370740199363e-01,1.783819723770379562e-01,5.951140368919012602e-02
4.853468618799510609e-02,1.105884446844005303e-01,7.935691559773219161e-01,4.730771315028289153e-02
4.362238162293504140e-01,2.710994976299929693e-01,2.305719620077205378e-01,6.210472413293628008e-02
5.871697606873701319e-02,1.181227380104079711e-01,6.218454594762304888e-01,2.013148264446252000e-01
2.021353930061165760e-01,1.627059533345911746e-01,3.835965909477511149e-01,2.515620627115400798e-01
3.684890856692334127e-02,1.183771158579982330e-01,5.765146952312393269e-01,2.682592803438388351e-01
4.755597000823396509e-02,9.760350477266108160e-02,6.925705838644496959e-01,1.622699413546549452e-01
8.759593518409685142e-01,7.177404213433624669e-02,1.587139531220412014e-02,3.639521071249014750e-02
1.183530536736225047e-01,1.778632256954431334e-01,5.485089070329385308e-01,1.552748135979948041e-01
2.465991077645150742e-01,2.702291425636627609e-01,3.664147035145050024e-01,1.167570461573169682e-01
6.460656504743955697e-01,1.752190418671453753e-01,7.968722914082823627e-02,9.902807851762952807e-02
8.102006855481114211e-01,7.984973534377562410e-02,5.431242337169198131e-02,5.563715573642052936e-02
4.200303784708576682e-01,1.909139611399090497e-01,1.698085791423058488e-01,2.192470812469262675e-01
2.596482614514229459e-01,1.679280430339952224e-01,2.050516901828822180e-01,3.673720053316997247e-01
2.325658095301667561e-01,2.515896317584200292e-01,2.263182018811083773e-01,2.895263568303044766e-01
4.127615286223056956e-01,2.270681894301087855e-01,2.552321049671861242e-01,1.049381769803983122e-01
5.288817596533156307e-01,1.605404064739009429e-01,1.457800074559942871e-01,1.647978264167893614e-01
5.170961922064876842e-02,1.217556971215059403e-01,7.206558628957029367e-01,1.058788207621411404e-01
8.451239540688066931e-01,1.021374146686645362e-01,1.541419128257362492e-02,3.732443997995470164e-02
9.054532420194181253e-01,5.552294568176924239e-02,1.028180491893726685e-02,2.874200737987505153e-02
8.701818930080926773e-01,4.202059239779828981e-02,2.808840776096969971e-02,5.970910683313941647e-02
5.598523370807035882e-01,1.136799351297995420e-01,1.210642040858177781e-01,2.054035237036785089e-01
7.243522193900862050e-01,1.109014508775537783e-01,5.736220875143096393e-02,1.073841209809282549e-01
9.079686266219162416e-01,6.171676256320222237e-02,9.983051301124049037e-03,2.033155951375766740e-02
5.668524863595297836e-01,1.982688546768846816e-01,1.104145397086574026e-01,1.244641192549280212e-01
6.633064729280864213e-01,9.690395213661466556e-02,1.021642149624541751e-01,1.376253599728443633e-01
4.925646365266133642e-01,1.235677227399362560e-01,9.627060733384268376e-02,2.875970333996069050e-01
2.947549181998171952e-01,1.511639780841793068e-01,3.017608117394304790e-01,2.523202919765727414e-01
2.530655854100317681e-01,2.792392997374998909e-01,2.954632240759755835e-01,1.722318907764920359e-01
4.406602830434110801e-02,1.140599072968654926e-01,4.775121260962982839e-01,3.643619383024961911e-01
1.942979822808769963e-01,2.570193210599168721e-01,4.824031704578536361e-01,6.627952620135296735e-02
7.637699968933706618e-01,1.931124241513557938e-01,9.023548306268893218e-03,3.409403064900363989e-02
9.061910574182434619e-01,7.433277445164059027e-02,6.248100549261539384e-03,1.322806758085395828e-02
7.059565360529560518e-01,2.260457489191232405e-01,1.288838220602925820e-02,5.510933282189100363e-02
7.423606323737315105e-01,2.004043954196815247e-01,1.202735732404849531e-02,4.520761488253760563e-02
6.365098490497284045e-01,1.689865059153951021e-01,1.002704653082555075e-01,9.423317972662019482e-02
8.052623613422175142e-01,1.409607597467888163e-01,7.667508798391150029e-03,4.610937011260161228e-02
1.935465029960578565e-01,1.250955155547066600e-01,3.383195202458357809e-01,3.430384612033989256e-01
5.540028561050241301e-02,9.877504226080076333e-02,4.438661064919773303e-01,4.019585656367199444e-01
5.575345415463462545e-02,1.152104482913884897e-01,5.437694536865772532e-01,2.852666438673988059e-01
9.111500049657940761e-03,1.374814642937900178e-01,3.091934401662149168e-01,5.442135954903375428e-01
3.179296227508308231e-02,1.762819822549312743e-01,4.787966176388968598e-01,3.131284378310890126e-01
5.878298365506192530e-02,1.954344171029349098e-01,4.448918628885729643e-01,3.008907363534298329e-01
3.142122442551430472e-01,1.462509866659827129e-01,2.813765764571684036e-01,2.581601926217054754e-01
1.303963883338882940e-02,1.434892231306704458e-01,4.296872919542610858e-01,4.137838460816790076e-01
5.670928808463645415e-02,1.021475282564871662e-01,3.436205249743637946e-01,4.975226586845120091e-01
4.069198149631594180e-02,7.959882128535374080e-02,4.374148341660911155e-01,4.422943630522390146e-01
4.195882226218917294e-02,1.719739842523314299e-01,3.292067092049671961e-01,4.568604842805105704e-01
1.652270874786548327e-01,2.585031464257276368e-01,4.363801359931772650e-01,1.398896301024397382e-01
1.384454246733657704e-02,1.602638196583779095e-01,3.890659494094128035e-01,4.368256884648720195e-01
6.891362722245072611e-03,1.838686905371889613e-01,1.959650814012268982e-01,6.132748653393375049e-01
1.315629954196130373e-02,1.465420634383675369e-01,2.743758207306966623e-01,5.659258162889736488e-01
9.883405483405481931e-03,1.597506606826266107e-01,2.821764703197555679e-01,5.481894635142114947e-01
2.542230355034800771e-01,1.992269438601212694e-01,3.305526570630096805e-01,2.159973635733893338e-01
2.445670773627816597e-01,1.870400486467433676e-01,3.076258711468268792e-01,2.607670028436474552e-01
4.154877440992960635e-01,1.694758661767364616e-01,2.246193860920640273e-01,1.904170036319029480e-01
3.876534580930164897e-01,1.901895037453083803e-01,2.198776745957858048e-01,2.022793635658884093e-01
1.310891919140370898e-01,1.894010349536082438e-01,4.756573468348823108e-01,2.038524262974724943e-01
9.168010176098405697e-03,1.288755332644649365e-01,3.582821497409540701e-01,5.036743068184817984e-01
5.145779877801941876e-02,7.688008838426803326e-02,2.077000679360201663e-01,6.639620449016923054e-01
1.628087033881149559e-01,1.974442891473848494e-01,3.590392505177134042e-01,2.807077569467854028e-01
1.133715088918648972e-01,1.274316823183694880e-01,5.835470774108932890e-01,1.756497313788722980e-01
8.314263742793151502e-02,1.988567733393196146e-01,3.814999631410038172e-01,3.365006260917447478e-01
1.083387360704310270e-01,1.411260273309421498e-01,3.134001386534853717e-01,4.371350979451403829e-01
8.198926428533621913e-02,1.113440301592971832e-01,4.321661199911200346e-01,3.745005855642461468e-01
2.249716479849096507e-01,2.063927638889052896e-01,3.420493689209823662e-01,2.265862192052014723e-01
4.806548614569133154e-02,1.236730356910890338e-01,4.978959494474387570e-01,3.303655287157802878e-01
2.112508208287503519e-01,2.382093049007831531e-01,2.483321936018915432e-01,3.022076806685745076e-01
1.428084312488336720e-02,1.071135202158186583e-01,4.450937855631986184e-01,4.335118510961003535e-01
1.894143610710753434e-01,2.584051386543450013e-01,4.048200112108395476e-01,1.473604890637398024e-01
4.552059052059052174e-03,8.298679304012121505e-02,2.734638187599292558e-01,6.389973291478896478e-01
3.547526646040582987e-02,1.085245668031658561e-01,5.660294754286816499e-01,2.899706913077462755e-01
2.166633023838907338e-02,1.787348803952325538e-01,5.136015495147269183e-01,2.859972398516517078e-01
1.074658952158951720e-02,1.254823661202917606e-01,4.879715685673122749e-01,3.757994757908066363e-01
8.496737223560753005e-01,1.215176796242971730e-01,9.538929044811392255e-03,1.926966897481603713e-02
2.836466224345829956e-01,2.130431273770087564e-01,3.154067800938307742e-01,1.879034700945769187e-01
7.985095971645300716e-01,1.511112537230568931e-01,6.798501702545815990e-03,4.358064740986577340e-02
6.649154817598116329e-01,1.805789830826206310e-01,6.373175011263246259e-02,9.077378504493442690e-02
8.584950023832368382e-01,7.621779829647482019e-02,3.652816093220508792e-02,2.875903838808252164e-02
4.105969254343856401e-01,1.406411609310021793e-01,2.589180322193284645e-01,1.898438814152823007e-01
7.560706816704102495e-01,1.726786619125626199e-01,1.227141632876927249e-02,5.897924008825720238e-02
6.824216788113844911e-01,1.479307644303579083e-01,7.893441262255117274e-02,9.071314413570606694e-02
9.421371642654731149e-01,4.533569947209655643e-02,4.143782810326927454e-03,8.383353452103455006e-03
9.265587954121046188e-01,6.174215482230191454e-02,8.135831733625848924e-03,3.563218031968031028e-03
2.134092036145828208e-01,2.365557828974432786e-01,3.980243354362351660e-01,1.520106780517383460e-01
6.613783653438070065e-01,1.641091004991738211e-01,8.917941976324335329e-02,8.533311439377620766e-02
